  1.000000000000000E-002  9.999760002879977E-005
  2.000000000000000E-002  3.999616018431410E-004
  3.000000000000000E-002  8.998056209936884E-004
  4.000000000000000E-002  1.599385717949702E-003
  5.000000000000000E-002  2.498500449910014E-003
  6.000000000000000E-002  3.596890943305900E-003
  7.000000000000001E-002  4.894240986963381E-003
  8.000000000000000E-002  6.390177145883213E-003
  9.000000000000000E-002  8.084268895587655E-003
  0.100000000000000       9.976028776973820E-003
  0.110000000000000       1.206491257160435E-002
  0.120000000000000       1.435031949735695E-002
  0.130000000000000       1.683159242434526E-002
  0.140000000000000       1.950801811101449E-002
  0.150000000000000       2.237882746030630E-002
  0.160000000000000       2.544319579577843E-002
  0.170000000000000       2.870024315755573E-002
  0.180000000000000       3.214903461798042E-002
  0.190000000000000       3.578858061682080E-002
  0.200000000000000       3.961783731588864E-002
  0.210000000000000       4.363570697290753E-002
  0.220000000000000       4.784103833446524E-002
  0.230000000000000       5.223262704787507E-002
  0.240000000000000       5.680921609176345E-002
  0.250000000000000       6.156949622519139E-002
  0.260000000000000       6.651210645511098E-002
  0.270000000000000       7.163563452194881E-002
  0.280000000000000       7.693861740310111E-002
  0.290000000000000       8.241954183411705E-002
  0.300000000000000       8.807684484733963E-002
  0.310000000000000       9.390891432776539E-002
  0.320000000000000       9.991408958587718E-002
  0.330000000000000       0.106090661947197     
  0.340000000000000       0.112436875358299     
  0.350000000000000       0.118950927009012     
  0.360000000000000       0.125630967970548     
  0.370000000000000       0.132475103849257     
  0.380000000000000       0.139481395455740     
  0.390000000000000       0.146647859489020     
  0.400000000000000       0.153972469235458     
  0.410000000000000       0.161453155282133     
  0.420000000000000       0.169087806244351     
  0.430000000000000       0.176874269506976     
  0.440000000000000       0.184810351979262     
  0.450000000000000       0.192893820862844     
  0.460000000000000       0.201122404432573     
  0.470000000000000       0.209493792829839     
  0.480000000000000       0.218005638868044     
  0.490000000000000       0.226655558849883     
  0.500000000000000       0.235441133396062     
  0.510000000000000       0.244359908285121     
  0.520000000000000       0.253409395303971     
  0.530000000000000       0.262587073108802     
  0.540000000000000       0.271890388095982     
  0.550000000000000       0.281316755282575     
  0.560000000000000       0.290863559196101     
  0.570000000000000       0.300528154773159     
  0.580000000000000       0.310307868266532     
  0.590000000000000       0.320199998160380     
  0.600000000000000       0.330201816093149     
  0.610000000000000       0.340310567787782     
  0.620000000000000       0.350523473988859     
  0.630000000000000       0.360837731406262     
  0.640000000000000       0.371250513664970     
  0.650000000000000       0.381758972260583     
  0.660000000000000       0.392360237520177     
  0.670000000000000       0.403051419568089     
  0.680000000000000       0.413829609296225     
  0.690000000000000       0.424691879338504     
  0.700000000000000       0.435635285049006     
  0.710000000000000       0.446656865483445     
  0.720000000000000       0.457753644383555     
  0.730000000000000       0.468922631163976     
  0.740000000000000       0.480160821901253     
  0.750000000000000       0.491465200324520     
  0.760000000000000       0.502832738807492     
  0.770000000000000       0.514260399361345     
  0.780000000000000       0.525745134628087     
  0.790000000000000       0.537283888874020     
  0.800000000000000       0.548873598982893     
  0.810000000000000       0.560511195448353     
  0.820000000000001       0.572193603365292     
  0.830000000000001       0.583917743419696     
  0.840000000000001       0.595680532876609     
  0.850000000000001       0.607478886565823     
  0.860000000000001       0.619309717864898     
  0.870000000000001       0.631169939679139     
  0.880000000000001       0.643056465418140     
  0.890000000000001       0.654966209968521     
  0.900000000000001       0.666896090662481     
  0.910000000000001       0.678843028241796     
  0.920000000000001       0.690803947816889     
  0.930000000000001       0.702775779820618     
  0.940000000000001       0.714755460956408     
  0.950000000000001       0.726739935140377     
  0.960000000000001       0.738726154437105     
  0.970000000000001       0.750711079988694     
  0.980000000000001       0.762691682936774     
  0.990000000000001       0.774664945337124     
   1.00000000000000       0.786627861066554     
   1.01000000000000       0.798577436721751     
   1.02000000000000       0.810510692509730     
   1.03000000000000       0.822424663129588     
   1.04000000000000       0.834316398645254     
   1.05000000000000       0.846182965348909     
   1.06000000000000       0.858021446614781     
   1.07000000000000       0.869828943743026     
   1.08000000000000       0.881602576793390     
   1.09000000000000       0.893339485408372     
   1.10000000000000       0.905036829625613     
   1.11000000000000       0.916691790679233     
   1.12000000000000       0.928301571789846     
   1.13000000000000       0.939863398943005     
   1.14000000000000       0.951374521655801     
   1.15000000000000       0.962832213731400     
   1.16000000000000       0.974233774001242     
   1.17000000000000       0.985576527054691     
   1.18000000000000       0.996857823955910     
   1.19000000000000        1.00807504294772     
   1.20000000000000        1.01922559014224     
   1.21000000000000        1.03030690019815     
   1.22000000000000        1.04131643698423     
   1.23000000000000        1.05225169422920     
   1.24000000000000        1.06311019615751     
   1.25000000000000        1.07388949811089     
   1.26000000000000        1.08458718715570     
   1.27000000000000        1.09520088267559     
   1.28000000000000        1.10572823694965     
   1.29000000000000        1.11616693571567     
   1.30000000000000        1.12651469871839     
   1.31000000000000        1.13676928024280     
   1.32000000000000        1.14692846963209     
   1.33000000000000        1.15699009179037     
   1.34000000000000        1.16695200766982     
   1.35000000000000        1.17681211474244     
   1.36000000000000        1.18656834745604     
   1.37000000000000        1.19621867767452     
   1.38000000000000        1.20576111510241     
   1.39000000000000        1.21519370769341     
   1.40000000000000        1.22451454204305     
   1.41000000000000        1.23372174376534     
   1.42000000000000        1.24281347785330     
   1.43000000000000        1.25178794902343     
   1.44000000000000        1.26064340204406     
   1.45000000000000        1.26937812204746     
   1.46000000000000        1.27799043482581     
   1.47000000000000        1.28647870711097     
   1.48000000000000        1.29484134683797     
   1.49000000000000        1.30307680339239     
   1.50000000000000        1.31118356784148     
   1.51000000000000        1.31916017314904     
   1.52000000000000        1.32700519437425     
   1.53000000000000        1.33471724885427     
   1.54000000000000        1.34229499637080     
   1.55000000000000        1.34973713930050     
   1.56000000000000        1.35704242274951     
   1.57000000000000        1.36420963467190     
   1.58000000000000        1.37123760597236     
   1.59000000000000        1.37812521059296     
   1.60000000000000        1.38487136558420     
   1.61000000000000        1.39147503116045     
   1.62000000000000        1.39793521073975     
   1.63000000000000        1.40425095096816     
   1.64000000000000        1.41042134172877     
   1.65000000000000        1.41644551613537     
   1.66000000000000        1.42232265051104     
   1.67000000000000        1.42805196435169     
   1.68000000000000        1.43363272027461     
   1.69000000000000        1.43906422395240     
   1.70000000000000        1.44434582403210     
   1.71000000000000        1.44947691203992     
   1.72000000000000        1.45445692227159     
   1.73000000000000        1.45928533166850     
   1.74000000000000        1.46396165967979     
   1.75000000000000        1.46848546811061     
   1.76000000000000        1.47285636095662     
   1.77000000000000        1.47707398422494     
   1.78000000000000        1.48113802574180     
   1.79000000000000        1.48504821494694     
   1.80000000000000        1.48880432267504     
   1.81000000000000        1.49240616092437     
   1.82000000000000        1.49585358261278     
   1.83000000000000        1.49914648132128     
   1.84000000000000        1.50228479102547     
   1.85000000000000        1.50526848581488     
   1.86000000000000        1.50809757960055     
   1.87000000000000        1.51077212581105     
   1.88000000000000        1.51329221707706     
   1.89000000000000        1.51565798490488     
   1.90000000000000        1.51786959933893     
   1.91000000000000        1.51992726861365     
   1.92000000000000        1.52183123879482     
   1.93000000000000        1.52358179341068     
   1.94000000000000        1.52517925307307     
   1.95000000000000        1.52662397508874     
   1.96000000000000        1.52791635306113     
   1.97000000000000        1.52905681648294     
   1.98000000000000        1.53004583031947     
   1.99000000000000        1.53088389458332     
   2.00000000000000        1.53157154390045     
   2.01000000000000        1.53210934706787     
   2.02000000000000        1.53249790660336     
   2.03000000000000        1.53273785828732     
   2.04000000000000        1.53282987069701     
   2.05000000000000        1.53277464473355     
   2.06000000000000        1.53257291314178     
   2.07000000000000        1.53222544002337     
   2.08000000000000        1.53173302034334     
   2.09000000000000        1.53109647943026     
   2.10000000000000        1.53031667247044     
   2.11000000000000        1.52939448399632     
   2.12000000000000        1.52833082736929     
   2.13000000000000        1.52712664425726     
   2.14000000000000        1.52578290410722     
   2.15000000000000        1.52430060361299     
   2.16000000000000        1.52268076617845     
   2.17000000000000        1.52092444137657     
   2.18000000000000        1.51903270440438     
   2.19000000000000        1.51700665553417     
   2.20000000000000        1.51484741956126     
   2.21000000000000        1.51255614524845     
   2.22000000000000        1.51013400476750     
   2.23000000000000        1.50758219313783     
   2.24000000000000        1.50490192766280     
   2.25000000000000        1.50209444736360     
   2.26000000000000        1.49916101241126     
   2.27000000000000        1.49610290355676     
   2.28000000000000        1.49292142155975     
   2.29000000000000        1.48961788661588     
   2.29999999999999        1.48619363778310     
   2.30999999999999        1.48265003240718     
   2.31999999999999        1.47898844554661     
   2.32999999999999        1.47521026939717     
   2.33999999999999        1.47131691271639     
   2.34999999999999        1.46730980024806     
   2.35999999999999        1.46319037214717     
   2.36999999999999        1.45896008340530     
   2.37999999999999        1.45462040327686     
   2.38999999999999        1.45017281470625     
   2.39999999999999        1.44561881375629     
   2.40999999999999        1.44095990903804     
   2.41999999999999        1.43619762114220     
   2.42999999999999        1.43133348207240     
   2.43999999999999        1.42636903468046     
   2.44999999999999        1.42130583210395     
   2.45999999999999        1.41614543720610     
   2.46999999999999        1.41088942201837     
   2.47999999999999        1.40553936718582     
   2.48999999999999        1.40009686141543     
   2.49999999999999        1.39456350092769     
   2.50999999999999        1.38894088891140     
   2.51999999999999        1.38323063498217     
   2.52999999999999        1.37743435464446     
   2.53999999999999        1.37155366875759     
   2.54999999999999        1.36559020300576     
   2.55999999999999        1.35954558737224     
   2.56999999999999        1.35342145561792     
   2.57999999999999        1.34721944476444     
   2.58999999999999        1.34094119458182     
   2.59999999999999        1.33458834708106     
   2.60999999999999        1.32816254601160     
   2.61999999999999        1.32166543636383     
   2.62999999999999        1.31509866387692     
   2.63999999999999        1.30846387455188     
   2.64999999999999        1.30176271417023     
   2.65999999999999        1.29499682781813     
   2.66999999999999        1.28816785941634     
   2.67999999999999        1.28127745125591     
   2.68999999999999        1.27432724353996     
   2.69999999999999        1.26731887393132     
   2.70999999999999        1.26025397710652     
   2.71999999999999        1.25313418431587     
   2.72999999999999        1.24596112295000     
   2.73999999999999        1.23873641611280     
   2.74999999999999        1.23146168220086     
   2.75999999999999        1.22413853448961     
   2.76999999999998        1.21676858072602     
   2.77999999999998        1.20935342272822     
   2.78999999999998        1.20189465599182     
   2.79999999999998        1.19439386930323     
   2.80999999999998        1.18685264435992     
   2.81999999999998        1.17927255539768     
   2.82999999999998        1.17165516882506     
   2.83999999999998        1.16400204286484     
   2.84999999999998        1.15631472720275     
   2.85999999999998        1.14859476264342     
   2.86999999999998        1.14084368077362     
   2.87999999999998        1.13306300363275     
   2.88999999999998        1.12525424339076     
   2.89999999999998        1.11741890203340     
   2.90999999999998        1.10955847105486     
   2.91999999999998        1.10167443115789     
   2.92999999999998        1.09376825196133     
   2.93999999999998        1.08584139171508     
   2.94999999999998        1.07789529702262     
   2.95999999999998        1.06993140257097     
   2.96999999999998        1.06195113086807     
   2.97999999999998        1.05395589198783     
   2.98999999999998        1.04594708332249     
   2.99999999999998        1.03792608934256     
   3.00999999999998        1.02989428136425     
   3.01999999999998        1.02185301732431     
   3.02999999999998        1.01380364156239     
   3.03999999999998        1.00574748461083     
   3.04999999999998       0.997685862991780     
   3.05999999999998       0.989620079021878     
   3.06999999999998       0.981551420624162     
   3.07999999999998       0.973481161147399     
   3.08999999999998       0.965410559192700     
   3.09999999999998       0.957340858447428     
   3.10999999999998       0.949273287526341     
   3.11999999999998       0.941209059819937     
   3.12999999999998       0.933149373349972     
   3.13999999999998       0.925095410632086     
   3.14999999999998       0.917048338545501     
   3.15999999999998       0.909009308209747     
   3.16999999999998       0.900979454868355     
   3.17999999999998       0.892959897779466     
   3.18999999999998       0.884951740113302     
   3.19999999999998       0.876956068856440     
   3.20999999999998       0.868973954722831     
   3.21999999999998       0.861006452071494     
   3.22999999999998       0.853054598830834     
   3.23999999999997       0.845119416429497     
   3.24999999999997       0.837201909733726     
   3.25999999999997       0.829303066991108     
   3.26999999999997       0.821423859780679     
   3.27999999999997       0.813565242969286     
   3.28999999999997       0.805728154674144     
   3.29999999999997       0.797913516231507     
   3.30999999999997       0.790122232171385     
   3.31999999999997       0.782355190198202     
   3.32999999999997       0.774613261177356     
   3.33999999999997       0.766897299127547     
   3.34999999999997       0.759208141218841     
   3.35999999999997       0.751546607776347     
   3.36999999999997       0.743913502289440     
   3.37999999999997       0.736309611426437     
   3.38999999999997       0.728735705054647     
   3.39999999999997       0.721192536265685     
   3.40999999999997       0.713680841405991     
   3.41999999999997       0.706201340112433     
   3.42999999999997       0.698754735352926     
   3.43999999999997       0.691341713471955     
   3.44999999999997       0.683962944240932     
   3.45999999999997       0.676619080913271     
   3.46999999999997       0.669310760284100     
   3.47999999999997       0.662038602754509     
   3.48999999999997       0.654803212400253     
   3.49999999999997       0.647605177044790     
   3.50999999999997       0.640445068336579     
   3.51999999999997       0.633323441830536     
   3.52999999999997       0.626240837073545     
   3.53999999999997       0.619197777693939     
   3.54999999999997       0.612194771494845     
   3.55999999999997       0.605232310551296     
   3.56999999999997       0.598310871311025     
   3.57999999999997       0.591430914698825     
   3.58999999999997       0.584592886224398     
   3.59999999999997       0.577797216093578     
   3.60999999999997       0.571044319322844     
   3.61999999999997       0.564334595857028     
   3.62999999999997       0.557668430690103     
   3.63999999999997       0.551046193988978     
   3.64999999999997       0.544468241220192     
   3.65999999999997       0.537934913279414     
   3.66999999999997       0.531446536623647     
   3.67999999999997       0.525003423406061     
   3.68999999999997       0.518605871613333     
   3.69999999999997       0.512254165205428     
   3.70999999999996       0.505948574257703     
   3.71999999999996       0.499689355105265     
   3.72999999999996       0.493476750489469     
   3.73999999999996       0.487310989706480     
   3.74999999999996       0.481192288757802     
   3.75999999999996       0.475120850502685     
   3.76999999999996       0.469096864812319     
   3.77999999999996       0.463120508725733     
   3.78999999999996       0.457191946607297     
   3.79999999999996       0.451311330305761     
   3.80999999999996       0.445478799314722     
   3.81999999999996       0.439694480934456     
   3.82999999999996       0.433958490435008     
   3.83999999999996       0.428270931220478     
   3.84999999999996       0.422631894994404     
   3.85999999999996       0.417041461926174     
   3.86999999999996       0.411499700818371     
   3.87999999999996       0.406006669274987     
   3.88999999999996       0.400562413870419     
   3.89999999999996       0.395166970319166     
   3.90999999999996       0.389820363646169     
   3.91999999999996       0.384522608357685     
   3.92999999999996       0.379273708612664     
   3.93999999999996       0.374073658394514     
   3.94999999999996       0.368922441683214     
   3.95999999999996       0.363820032627685     
   3.96999999999996       0.358766395718357     
   3.97999999999996       0.353761485959863     
   3.98999999999996       0.348805249043793     
   3.99999999999996       0.343897621521437     
   4.00999999999996       0.339038530976461     
   4.01999999999996       0.334227896197443     
   4.02999999999996       0.329465627350212     
   4.03999999999996       0.324751626149929     
   4.04999999999996       0.320085786032846     
   4.05999999999996       0.315467992327690     
   4.06999999999996       0.310898122426608     
   4.07999999999996       0.306376045955619     
   4.08999999999996       0.301901624944522     
   4.09999999999996       0.297474713996203     
   4.10999999999996       0.293095160455285     
   4.11999999999996       0.288762804576075     
   4.12999999999996       0.284477479689758     
   4.13999999999996       0.280239012370783     
   4.14999999999996       0.276047222602403     
   4.15999999999996       0.271901923941313     
   4.16999999999996       0.267802923681348     
   4.17999999999996       0.263750023016196     
   4.18999999999996       0.259743017201075     
   4.19999999999995       0.255781695713355     
   4.20999999999995       0.251865842412052     
   4.21999999999995       0.247995235696188     
   4.22999999999995       0.244169648661953     
   4.23999999999995       0.240388849258657     
   4.24999999999995       0.236652600443412     
   4.25999999999995       0.232960660334531     
   4.26999999999995       0.229312782363595     
   4.27999999999995       0.225708715426176     
   4.28999999999995       0.222148204031159     
   4.29999999999995       0.218630988448661     
   4.30999999999995       0.215156804856503     
   4.31999999999995       0.211725385485204     
   4.32999999999995       0.208336458761495     
   4.33999999999995       0.204989749450301     
   4.34999999999995       0.201684978795177     
   4.35999999999995       0.198421864657195     
   4.36999999999995       0.195200121652221     
   4.37999999999995       0.192019461286606     
   4.38999999999995       0.188879592091235     
   4.39999999999995       0.185780219753942     
   4.40999999999995       0.182721047250258     
   4.41999999999995       0.179701774972487     
   4.42999999999995       0.176722100857086     
   4.43999999999995       0.173781720510344     
   4.44999999999995       0.170880327332337     
   4.45999999999995       0.168017612639161     
   4.46999999999995       0.165193265783417     
   4.47999999999995       0.162406974272949     
   4.48999999999995       0.159658423887819     
   4.49999999999995       0.156947298795520     
   4.50999999999995       0.154273281664412     
   4.51999999999995       0.151636053775370     
   4.52999999999995       0.149035295131657     
   4.53999999999995       0.146470684567000     
   4.54999999999995       0.143941899851871     
   4.55999999999995       0.141448617797973     
   4.56999999999995       0.138990514360927     
   4.57999999999995       0.136567264741157     
   4.58999999999995       0.134178543482975     
   4.59999999999995       0.131824024571867     
   4.60999999999995       0.129503381529977     
   4.61999999999995       0.127216287509798     
   4.62999999999995       0.124962415386063     
   4.63999999999995       0.122741437845849     
   4.64999999999995       0.120553027476891     
   4.65999999999995       0.118396856854113     
   4.66999999999994       0.116272598624386     
   4.67999999999994       0.114179925589507     
   4.68999999999994       0.112118510787421     
   4.69999999999994       0.110088027571676     
   4.70999999999994       0.108088149689138     
   4.71999999999994       0.106118551355957     
   4.72999999999994       0.104178907331802     
   4.73999999999994       0.102268892992375     
   4.74999999999994       0.100388184400206     
   4.75999999999994       9.853645837375119E-002
   4.76999999999994       9.671339255479557E-002
   4.77999999999994       9.491866547417410E-002
   4.78999999999994       9.315195661582601E-002
   4.79999999999994       9.141294647919150E-002
   4.80999999999994       8.970131663996492E-002
   4.81999999999994       8.801674980921649E-002
   4.82999999999994       8.635892989089812E-002
   4.83999999999994       8.472754203774518E-002
   4.84999999999994       8.312227270558921E-002
   4.85999999999994       8.154280970609699E-002
   4.86999999999994       7.998884225795004E-002
   4.87999999999994       7.846006103648011E-002
   4.88999999999994       7.695615822177591E-002
   4.89999999999994       7.547682754527850E-002
   4.90999999999994       7.402176433487909E-002
   4.91999999999994       7.259066555853806E-002
   4.92999999999994       7.118322986644057E-002
   4.93999999999994       6.979915763170584E-002
   4.94999999999994       6.843815098966757E-002
   4.95999999999994       6.709991387574306E-002
   4.96999999999994       6.578415206190820E-002
   4.97999999999994       6.449057319179612E-002
   4.98999999999994       6.321888681443752E-002
   4.99999999999994       6.196880441666124E-002
   5.00999999999994       6.074003945417296E-002
   5.01999999999994       5.953230738132966E-002
   5.02999999999994       5.834532567963004E-002
   5.03999999999994       5.717881388493833E-002
   5.04999999999994       5.603249361345998E-002
   5.05999999999994       5.490608858648962E-002
   5.06999999999994       5.379932465394831E-002
   5.07999999999994       5.271192981673024E-002
   5.08999999999994       5.164363424787798E-002
   5.09999999999994       5.059417031260410E-002
   5.10999999999994       4.956327258718052E-002
   5.11999999999994       4.855067787671227E-002
   5.12999999999994       4.755612523181647E-002
   5.13999999999993       4.657935596422549E-002
   5.14999999999993       4.562011366133287E-002
   5.15999999999993       4.467814419970161E-002
   5.16999999999993       4.375319575755439E-002
   5.17999999999993       4.284501882626364E-002
   5.18999999999993       4.195336622086217E-002
   5.19999999999993       4.107799308959209E-002
   5.20999999999993       4.021865692251166E-002
   5.21999999999993       3.937511755917895E-002
   5.22999999999993       3.854713719543125E-002
   5.23999999999993       3.773448038927887E-002
   5.24999999999993       3.693691406593204E-002
   5.25999999999993       3.615420752198010E-002
   5.26999999999993       3.538613242874063E-002
   5.27999999999993       3.463246283479787E-002
   5.28999999999993       3.389297516774838E-002
   5.29999999999993       3.316744823517187E-002
   5.30999999999993       3.245566322484605E-002
   5.31999999999993       3.175740370422306E-002
   5.32999999999993       3.107245561918523E-002
   5.33999999999993       3.040060729209824E-002
   5.34999999999993       2.974164941917910E-002
   5.35999999999993       2.909537506719673E-002
   5.36999999999993       2.846157966952163E-002
   5.37999999999993       2.784006102154292E-002
   5.38999999999993       2.723061927546882E-002
   5.39999999999993       2.663305693452791E-002
   5.40999999999993       2.604717884658781E-002
   5.41999999999993       2.547279219720752E-002
   5.42999999999993       2.490970650214005E-002
   5.43999999999993       2.435773359930139E-002
   5.44999999999993       2.381668764022178E-002
   5.45999999999993       2.328638508099510E-002
   5.46999999999993       2.276664467274197E-002
   5.47999999999993       2.225728745160219E-002
   5.48999999999993       2.175813672827145E-002
   5.49999999999993       2.126901807709752E-002
   5.50999999999993       2.078975932475081E-002
   5.51999999999993       2.032019053848393E-002
   5.52999999999993       1.986014401399475E-002
   5.53999999999993       1.940945426290703E-002
   5.54999999999993       1.896795799988294E-002
   5.55999999999993       1.853549412938124E-002
   5.56999999999993       1.811190373207467E-002
   5.57999999999993       1.769703005094022E-002
   5.58999999999993       1.729071847703512E-002
   5.59999999999993       1.689281653497227E-002
   5.60999999999992       1.650317386810722E-002
   5.61999999999992       1.612164222344966E-002
   5.62999999999992       1.574807543631201E-002
   5.63999999999992       1.538232941470686E-002
   5.64999999999992       1.502426212350569E-002
   5.65999999999992       1.467373356837041E-002
   5.66999999999992       1.433060577946932E-002
   5.67999999999992       1.399474279498900E-002
   5.68999999999992       1.366601064445304E-002
   5.69999999999992       1.334427733185886E-002
   5.70999999999992       1.302941281864307E-002
   5.71999999999992       1.272128900648611E-002
   5.72999999999992       1.241977971996634E-002
   5.73999999999992       1.212476068907385E-002
   5.74999999999992       1.183610953159382E-002
   5.75999999999992       1.155370573536901E-002
   5.76999999999992       1.127743064045117E-002
   5.77999999999992       1.100716742115037E-002
   5.78999999999992       1.074280106799157E-002
   5.79999999999992       1.048421836958716E-002
   5.80999999999992       1.023130789443426E-002
   5.81999999999992       9.983959972645231E-003
   5.82999999999992       9.742066677619707E-003
   5.83999999999992       9.505521807666268E-003
   5.84999999999992       9.274220867581574E-003
   5.85999999999992       9.048061050194844E-003
   5.86999999999992       8.826941217885046E-003
   5.87999999999992       8.610761884078055E-003
   5.88999999999992       8.399425194731247E-003
   5.89999999999992       8.192834909812196E-003
   5.90999999999992       7.990896384778295E-003
   5.91999999999992       7.793516552064029E-003
   5.92999999999992       7.600603902582082E-003
   5.93999999999992       7.412068467244811E-003
   5.94999999999992       7.227821798511815E-003
   5.95999999999992       7.047776951969736E-003
   5.96999999999992       6.871848467949849E-003
   5.97999999999992       6.699952353189082E-003
   5.98999999999992       6.532006062539709E-003
   5.99999999999992       6.367928480733049E-003
   6.00999999999992       6.207639904202109E-003
   6.01999999999992       6.051062022968116E-003
   6.02999999999992       5.898117902595633E-003
   6.03999999999992       5.748731966220763E-003
   6.04999999999992       5.602829976656926E-003
   6.05999999999992       5.460339018582420E-003
   6.06999999999992       5.321187480813885E-003
   6.07999999999991       5.185305038669572E-003
   6.08999999999991       5.052622636426252E-003
   6.09999999999991       4.923072469873488E-003
   6.10999999999991       4.796587968968699E-003
   6.11999999999991       4.673103780596377E-003
   6.12999999999991       4.552555751434846E-003
   6.13999999999991       4.434880910933544E-003
   6.14999999999991       4.320017454403793E-003
   6.15999999999991       4.207904726226012E-003
   6.16999999999991       4.098483203176040E-003
   6.17999999999991       3.991694477873107E-003
   6.18999999999991       3.887481242352033E-003
   6.19999999999991       3.785787271761879E-003
   6.20999999999991       3.686557408193454E-003
   6.21999999999991       3.589737544637613E-003
   6.22999999999991       3.495274609076473E-003
   6.23999999999991       3.403116548709408E-003
   6.24999999999991       3.313212314315606E-003
   6.25999999999991       3.225511844754827E-003
   6.26999999999991       3.139966051608034E-003
   6.27999999999991       3.056526803959281E-003
   6.28999999999991       2.975146913320229E-003
   6.29999999999991       2.895780118698668E-003
   6.30999999999991       2.818381071812086E-003
   6.31999999999991       2.742905322447484E-003
   6.32999999999991       2.669309303968358E-003
   6.33999999999991       2.597550318969816E-003
   6.34999999999991       2.527586525082611E-003
   6.35999999999991       2.459376920926826E-003
   6.36999999999991       2.392881332215891E-003
   6.37999999999991       2.328060398011511E-003
   6.38999999999991       2.264875557129928E-003
   6.39999999999991       2.203289034700070E-003
   6.40999999999991       2.143263828873793E-003
   6.41999999999991       2.084763697688599E-003
   6.42999999999991       2.027753146082952E-003
   6.43999999999991       1.972197413064408E-003
   6.44999999999991       1.918062459030556E-003
   6.45999999999991       1.865314953242827E-003
   6.46999999999991       1.813922261453103E-003
   6.47999999999991       1.763852433682972E-003
   6.48999999999991       1.715074192155537E-003
   6.49999999999991       1.667556919379452E-003
   6.50999999999991       1.621270646384978E-003
   6.51999999999991       1.576186041111655E-003
   6.52999999999991       1.532274396947264E-003
   6.53999999999991       1.489507621417578E-003
   6.54999999999990       1.447858225026450E-003
   6.55999999999990       1.407299310245702E-003
   6.56999999999990       1.367804560654205E-003
   6.57999999999990       1.329348230225576E-003
   6.58999999999990       1.291905132763779E-003
   6.59999999999990       1.255450631485960E-003
   6.60999999999990       1.219960628751763E-003
   6.61999999999990       1.185411555938331E-003
   6.62999999999990       1.151780363460215E-003
   6.63999999999990       1.119044510933304E-003
   6.64999999999990       1.087181957481910E-003
   6.65999999999990       1.056171152188104E-003
   6.66999999999990       1.025991024682347E-003
   6.67999999999990       9.966209758744502E-004
   6.68999999999990       9.680408688238640E-004
   6.69999999999990       9.402310197482864E-004
   6.70999999999990       9.131721891695096E-004
   6.71999999999990       8.868455731954737E-004
   6.72999999999990       8.612327949374050E-004
   6.73999999999990       8.363158960609237E-004
   6.74999999999990       8.120773284700122E-004
   6.75999999999990       7.884999461226577E-004
   6.76999999999990       7.655669969770205E-004
   6.77999999999990       7.432621150669309E-004
   6.78999999999990       7.215693127055171E-004
   6.79999999999990       7.004729728157331E-004
   6.80999999999990       6.799578413865786E-004
   6.81999999999990       6.600090200537501E-004
   6.82999999999990       6.406119588034593E-004
   6.83999999999990       6.217524487981928E-004
   6.84999999999990       6.034166153230889E-004
   6.85999999999990       5.855909108516810E-004
   6.86999999999990       5.682621082297022E-004
   6.87999999999990       5.514172939756603E-004
   6.88999999999990       5.350438616968661E-004
   6.89999999999990       5.191295056196158E-004
   6.90999999999990       5.036622142322072E-004
   6.91999999999990       4.886302640394695E-004
   6.92999999999990       4.740222134274896E-004
   6.93999999999990       4.598268966372016E-004
   6.94999999999990       4.460334178455190E-004
   6.95999999999990       4.326311453526789E-004
   6.96999999999990       4.196097058744743E-004
   6.97999999999990       4.069589789380356E-004
   6.98999999999990       3.946690913798443E-004
   6.99999999999990       3.827304119446477E-004
   7.00999999999989       3.711335459839475E-004
   7.01999999999989       3.598693302527476E-004
   7.02999999999989       3.489288278032312E-004
   7.03999999999989       3.383033229740598E-004
   7.04999999999989       3.279843164739769E-004
   7.05999999999989       3.179635205584145E-004
   7.06999999999989       3.082328542977867E-004
   7.07999999999989       2.987844389361919E-004
   7.08999999999989       2.896105933392121E-004
   7.09999999999989       2.807038295295355E-004
   7.10999999999989       2.720568483091200E-004
   7.11999999999989       2.636625349666210E-004
   7.12999999999989       2.555139550688236E-004
   7.13999999999989       2.476043503348158E-004
   7.14999999999989       2.399271345916590E-004
   7.15999999999989       2.324758898103029E-004
   7.16999999999989       2.252443622205252E-004
   7.17999999999989       2.182264585036598E-004
   7.18999999999989       2.114162420619000E-004
   7.19999999999989       2.048079293629758E-004
   7.20999999999989       1.983958863590003E-004
   7.21999999999989       1.921746249783019E-004
   7.22999999999989       1.861387996890645E-004
   7.23999999999989       1.802832041336079E-004
   7.24999999999989       1.746027678321481E-004
   7.25999999999989       1.690925529548977E-004
   7.26999999999989       1.637477511613646E-004
   7.27999999999989       1.585636805057236E-004
   7.28999999999989       1.535357824071532E-004
   7.29999999999989       1.486596186840264E-004
   7.30999999999989       1.439308686508698E-004
   7.31999999999989       1.393453262770069E-004
   7.32999999999989       1.348988974058187E-004
   7.33999999999989       1.305875970335638E-004
   7.34999999999989       1.264075466467113E-004
   7.35999999999989       1.223549716167531E-004
   7.36999999999989       1.184261986514746E-004
   7.37999999999989       1.146176533016706E-004
   7.38999999999989       1.109258575223103E-004
   7.39999999999989       1.073474272871657E-004
   7.40999999999989       1.038790702559251E-004
   7.41999999999989       1.005175834928331E-004
   7.42999999999989       9.725985123590598E-005
   7.43999999999989       9.410284271578251E-005
   7.44999999999989       9.104361002328487E-005
   7.45999999999989       8.807928602477764E-005
   7.46999999999989       8.520708232441855E-005
   7.47999999999988       8.242428727241591E-005
   7.48999999999988       7.972826401841114E-005
   7.49999999999988       7.711644860912326E-005
   7.50999999999988       7.458634812939878E-005
   7.51999999999988       7.213553888582899E-005
   7.52999999999988       6.976166463210148E-005
   7.53999999999988       6.746243483526950E-005
   7.54999999999988       6.523562298213414E-005
   7.55999999999988       6.307906492494263E-005
   7.56999999999988       6.099065726562322E-005
   7.57999999999988       5.896835577778468E-005
   7.58999999999988       5.701017386572083E-005
   7.59999999999988       5.511418105967463E-005
   7.60999999999988       5.327850154662385E-005
   7.61999999999988       5.150131273586582E-005
   7.62999999999988       4.978084385868719E-005
   7.63999999999988       4.811537460141739E-005
   7.64999999999988       4.650323377117569E-005
   7.65999999999988       4.494279799363178E-005
   7.66999999999988       4.343249044211245E-005
   7.67999999999988       4.197077959739655E-005
   7.68999999999988       4.055617803755269E-005
   7.69999999999988       3.918724125718249E-005
   7.70999999999988       3.786256651544667E-005
   7.71999999999988       3.658079171225791E-005
   7.72999999999988       3.534059429203698E-005
   7.73999999999988       3.414069017443997E-005
   7.74999999999988       3.297983271147179E-005
   7.75999999999988       3.185681167041412E-005
   7.76999999999988       3.077045224200465E-005
   7.77999999999988       2.971961407331459E-005
   7.78999999999988       2.870319032478190E-005
   7.79999999999988       2.772010675086629E-005
   7.80999999999988       2.676932080380301E-005
   7.81999999999988       2.584982075994111E-005
   7.82999999999988       2.496062486816157E-005
   7.83999999999988       2.410078051988008E-005
   7.84999999999988       2.326936344014807E-005
   7.85999999999988       2.246547689937542E-005
   7.86999999999988       2.168825094520617E-005
   7.87999999999988       2.093684165408890E-005
   7.88999999999988       2.021043040209042E-005
   7.89999999999988       1.950822315451160E-005
   7.90999999999988       1.882944977387174E-005
   7.91999999999988       1.817336334583682E-005
   7.92999999999988       1.753923952267464E-005
   7.93999999999988       1.692637588382885E-005
   7.94999999999987       1.633409131321119E-005
   7.95999999999987       1.576172539281972E-005
   7.96999999999987       1.520863781229820E-005
   7.97999999999987       1.467420779405988E-005
   7.98999999999987       1.415783353360648E-005
   7.99999999999987       1.365893165468032E-005
   8.00999999999987       1.317693667889546E-005
   8.01999999999987       1.271130050950054E-005
   8.02999999999987       1.226149192893298E-005
   8.03999999999987       1.182699610983237E-005
   8.04999999999987       1.140731413918619E-005
   8.05999999999987       1.100196255528904E-005
   8.06999999999987       1.061047289720288E-005
   8.07999999999987       1.023239126641210E-005
   8.08999999999987       9.867277900374280E-006
   8.09999999999987       9.514706757673315E-006
   8.10999999999987       9.174265114488526E-006
   8.11999999999987       8.845553172098709E-006
   8.12999999999987       8.528183675146988E-006
   8.13999999999987       8.221781540397618E-006
   8.14999999999987       7.925983495722324E-006
   8.15999999999987       7.640437729058995E-006
   8.16999999999987       7.364803547091595E-006
   8.17999999999987       7.098751043405555E-006
   8.18999999999987       6.841960775878384E-006
   8.19999999999987       6.594123453070583E-006
   8.20999999999987       6.354939629387255E-006
   8.21999999999987       6.124119408786003E-006
   8.22999999999987       5.901382156811596E-006
   8.23999999999987       5.686456220743274E-006
   8.24999999999987       5.479078657644711E-006
   8.25999999999987       5.278994970112571E-006
   8.26999999999987       5.085958849522923E-006
   8.27999999999987       4.899731926580815E-006
   8.28999999999987       4.720083528981589E-006
   8.29999999999987       4.546790445997844E-006
   8.30999999999987       4.379636699809876E-006
   8.31999999999987       4.218413323401767E-006
   8.32999999999987       4.062918144849584E-006
   8.33999999999987       3.912955577832186E-006
   8.34999999999987       3.768336418198956E-006
   8.35999999999987       3.628877646433371E-006
   8.36999999999987       3.494402235854072E-006
   8.37999999999987       3.364738966400247E-006
   8.38999999999987       3.239722243850588E-006
   8.39999999999987       3.119191924329613E-006
   8.40999999999987       3.002993143958038E-006
   8.41999999999986       2.890976153508158E-006
   8.42999999999986       2.782996157927544E-006
   8.43999999999986       2.678913160598783E-006
   8.44999999999986       2.578591812205535E-006
   8.45999999999986       2.481901264078599E-006
   8.46999999999986       2.388715025898927E-006
   8.47999999999986       2.298910827637414E-006
   8.48999999999986       2.212370485614395E-006
   8.49999999999986       2.128979772564658E-006
   8.50999999999986       2.048628291596739E-006
   8.51999999999986       1.971209353937875E-006
   8.52999999999986       1.896619860359079E-006
   8.53999999999986       1.824760186177049E-006
   8.54999999999986       1.755534069732737E-006
   8.55999999999986       1.688848504248413E-006
   8.56999999999986       1.624613632968194E-006
   8.57999999999986       1.562742647488885E-006
   8.58999999999986       1.503151689190802E-006
   8.59999999999986       1.445759753680277E-006
   8.60999999999986       1.390488598158158E-006
   8.61999999999986       1.337262651630487E-006
   8.62999999999986       1.286008927880093E-006
   8.63999999999986       1.236656941119646E-006
   8.64999999999986       1.189138624249117E-006
   8.65999999999986       1.143388249642267E-006
   8.66999999999986       1.099342352389222E-006
   8.67999999999986       1.056939655923661E-006
   8.68999999999986       1.016120999965415E-006
   8.69999999999986       9.768292707109946E-007
   8.70999999999986       9.390093332062276E-007
   8.71999999999986       9.026079658372849E-007
   8.72999999999986       8.675737968777034E-007
   8.73999999999986       8.338572430310840E-007
   8.74999999999986       8.014104499104473E-007
   8.75999999999986       7.701872343970826E-007
   8.76999999999986       7.401430288230912E-007
   8.77999999999986       7.112348269235697E-007
   8.78999999999986       6.834211315055950E-007
   8.79999999999986       6.566619037828979E-007
   8.80999999999986       6.309185143262913E-007
   8.81999999999986       6.061536955815045E-007
   8.82999999999986       5.823314959072017E-007
   8.83999999999986       5.594172350875263E-007
   8.84999999999986       5.373774612745129E-007
   8.85999999999986       5.161799093172380E-007
   8.86999999999986       4.957934604355259E-007
   8.87999999999986       4.761881031974434E-007
   8.88999999999985       4.573348957607861E-007
   8.89999999999985       4.392059293400245E-007
   8.90999999999985       4.217742928611544E-007
   8.91999999999985       4.050140387680805E-007
   8.92999999999985       3.889001499450671E-007
   8.93999999999985       3.734085077209521E-007
   8.94999999999985       3.585158609216776E-007
   8.95999999999985       3.441997959387047E-007
   8.96999999999985       3.304387077818595E-007
   8.97999999999985       3.172117720859531E-007
   8.98999999999985       3.044989180415419E-007
   8.99999999999985       2.922808022209227E-007
   9.00999999999985       2.805387832714272E-007
   9.01999999999985       2.692548974487836E-007
   9.02999999999985       2.584118349641912E-007
   9.03999999999985       2.479929171194722E-007
   9.04999999999985       2.379820742054763E-007
   9.05999999999985       2.283638241395727E-007
   9.06999999999985       2.191232518188572E-007
   9.07999999999985       2.102459891663265E-007
   9.08999999999985       2.017181958480090E-007
   9.09999999999985       1.935265406396294E-007
   9.10999999999985       1.856581834221071E-007
   9.11999999999985       1.781007577857154E-007
   9.12999999999985       1.708423542234259E-007
   9.13999999999985       1.638715038944662E-007
   9.14999999999985       1.571771629397581E-007
   9.15999999999985       1.507486973314082E-007
   9.16999999999985       1.445758682389973E-007
   9.17999999999985       1.386488178959188E-007
   9.18999999999985       1.329580559495330E-007
   9.19999999999985       1.274944462794020E-007
   9.20999999999985       1.222491942683472E-007
   9.21999999999985       1.172138345115424E-007
   9.22999999999985       1.123802189493061E-007
   9.23999999999985       1.077405054097052E-007
   9.24999999999985       1.032871465474985E-007
   9.25999999999985       9.901287916638669E-008
   9.26999999999985       9.491071391190852E-008
   9.27999999999985       9.097392532275449E-008
   9.28999999999985       8.719604222861460E-008
   9.29999999999985       8.357083848307211E-008
   9.30999999999985       8.009232402040412E-008
   9.31999999999985       7.675473622550317E-008
   9.32999999999985       7.355253160646757E-008
   9.33999999999985       7.048037775974893E-008
   9.34999999999985       6.753314561804909E-008
   9.35999999999984       6.470590197148561E-008
   9.36999999999984       6.199390225283102E-008
   9.37999999999984       5.939258357793403E-008
   9.38999999999984       5.689755803270861E-008
   9.39999999999984       5.450460619835480E-008
   9.40999999999984       5.220967090673680E-008
   9.41999999999984       5.000885121811268E-008
   9.42999999999984       4.789839661365054E-008
   9.43999999999984       4.587470139541209E-008
   9.44999999999984       4.393429928672969E-008
   9.45999999999984       4.207385822611640E-008
   9.46999999999984       4.029017534808697E-008
   9.47999999999984       3.858017214446680E-008
   9.48999999999984       3.694088979999224E-008
   9.49999999999984       3.536948469619022E-008
   9.50999999999984       3.386322407773689E-008
   9.51999999999984       3.241948187567324E-008
   9.52999999999984       3.103573468204938E-008
   9.53999999999984       2.970955787073946E-008
   9.54999999999984       2.843862185935099E-008
   9.55999999999984       2.722068850731030E-008
   9.56999999999984       2.605360764537982E-008
   9.57999999999984       2.493531373200845E-008
   9.58999999999984       2.386382263207969E-008
   9.59999999999984       2.283722851376138E-008
   9.60999999999984       2.185370085931096E-008
   9.61999999999984       2.091148158582297E-008
   9.62999999999984       2.000888227204524E-008
   9.63999999999984       1.914428148751526E-008
   9.64999999999984       1.831612222039922E-008
   9.65999999999984       1.752290940053295E-008
   9.66999999999984       1.676320751428671E-008
   9.67999999999984       1.603563830798816E-008
   9.68999999999984       1.533887857674666E-008
   9.69999999999984       1.467165803563367E-008
   9.70999999999984       1.403275727027284E-008
   9.71999999999984       1.342100576399820E-008
   9.72999999999984       1.283527999883145E-008
   9.73999999999984       1.227450162762855E-008
   9.74999999999984       1.173763571483106E-008
   9.75999999999984       1.122368904335150E-008
   9.76999999999984       1.073170848520164E-008
   9.77999999999984       1.026077943355978E-008
   9.78999999999984       9.810024294048880E-009
   9.79999999999984       9.378601033077817E-009
   9.80999999999984       8.965701781169351E-009
   9.81999999999984       8.570551489273764E-009
   9.82999999999983       8.192406636133478E-009
   9.83999999999983       7.830553984834969E-009
   9.84999999999983       7.484309386745695E-009
   9.85999999999983       7.153016631100581E-009
   9.86999999999983       6.836046338560000E-009
   9.87999999999983       6.532794897123108E-009
   9.88999999999983       6.242683438834918E-009
   9.89999999999983       5.965156855782630E-009
   9.90999999999983       5.699682853927770E-009
   9.91999999999983       5.445751043374243E-009
   9.92999999999983       5.202872063720636E-009
   9.93999999999983       4.970576743193210E-009
   9.94999999999983       4.748415290303491E-009
   9.95999999999983       4.535956516817569E-009
   9.96999999999983       4.332787090869320E-009
   9.97999999999983       4.138510819089473E-009
   9.98999999999983       3.952747956665120E-009
   9.99999999999983       3.775134544281257E-009
